%YAML:1.0
image_width: 640
image_height: 480
camera_matrix: !!opencv-matrix
   rows: 3
   cols: 3
   dt: f
   data: [ 5.52909851e+02, 0., 3.11304047e+02, 0., 5.55865601e+02,
       2.55988419e+02, 0., 0., 1. ]
distortion_coefficients: !!opencv-matrix
   rows: 1
   cols: 5
   dt: f
   data: [ -3.91377926e-01, 8.62048447e-01, 9.25417710e-03,
       6.85860077e-03, -1.11990058e+00 ]
