%YAML:1.0
image_width: 640
image_height: 480
camera_matrix: !!opencv-matrix
   rows: 3
   cols: 3
   dt: f
   data: [ 6.88703003e+02, 0., 3.93844299e+02, 0., 6.77842285e+02,
       3.18101898e+02, 0., 0., 1. ]
distortion_coefficients: !!opencv-matrix
   rows: 1
   cols: 5
   dt: f
   data: [ 2.04072431e-01, -6.82328582e-01, 2.56469548e-02,
       4.33148108e-02, 6.65105999e-01 ]
